24,52
24,51
24,50
24,49
24,48
24,47
24,46
24,45
24,44
24,43
24,42
24,41
24,40
24,39
24,38
24,37
24,36
24,35
3,2
3,1
3,3
10,102
10,140
10,298
10,180
10,246
10,214
10,244
11,11
11,18
11,17
11,23
11,26
11,4
11,8
11,1
11,21
11,2
11,3
8,11
8,5
8,2
8,3
12,2
12,1
12,3
20,2
20,1
20,3
19,2
19,1
19,3
10,295
10,294
10,293
10,292
10,291
10,290
10,289
10,1
10,288
10,3
10,2
18,1
10,0
9,7
9,6
9,5
18,3
14,1
14,3
13,1
9,4
9,3
9,2
9,1
13,3
9,0
8,18
8,17
8,16
8,15
8,14
8,1
8,13
0,511
0,510
0,509
0,508
0,507
0,506
0,505
0,504
0,503
0,502
0,501
0,500
0,499
0,498
0,497
